0 0.0678256
1 0.0177136
2 0.0548517
3 0.0529638
4 0.0281876
5 0.052379
6 0.0273902
7 0.162462
8 0.0441217
9 0.168893
10 1.7437e-05
11 0.038844
12 0.0133947
13 0.00681795
14 0.00318299
15 0.000856001
16 0.0573584
17 0.0392862
18 0.0655957
19 0.380287
20 0.00194713
21 0.0530976
22 0.00247445
23 0.081247
24 0.0108448
25 0.0172138
26 0.153502
27 5.46755e-05
28 0.0386803
29 0.00704807
30 0.00112157
31 0.147976
32 0.000302705
33 0.0420022
34 0.00496821
35 0.0507879
36 0.0658957
37 0.0936597
38 0.00922658
39 0.0163671
40 0.00115909
41 0.00022018
42 0.0156509
43 0.00206972
44 0.0404394
45 0.0332755
46 0.00118214
47 0.0224018
48 0.0430543
49 0.00248006
50 0.0639668
51 0.0888963
52 0.0102883
53 0.00096243
54 0.0275994
55 0.00192213
56 0.00010648
57 0.000312778
58 0.140475
59 0.00594215
60 0.0696485
61 0.000639915
62 9.84991e-05
63 0.00033216
64 0.0525555
65 0.00580645
66 0.083417
67 0.00436935
68 5.67773e-05
69 0.0643339
70 5.20926e-07
71 0.0298016
72 0.0448574
73 0.0648298
74 0.087812
75 0.169108
76 0.0342345
77 0.00152323
78 0.000782844
79 0.00101982
80 0.00111607
81 0.0784785
82 0.0160127
83 0.0018189
84 0.0384824
85 0.0220457
86 0.000610728
87 0.000343383
88 0.000782913
89 0.00157832
90 0.00159896
91 0.000535735
92 2.28416e-05
93 0.00145192
94 0.000409548
95 0.0100066
96 0.000720867
97 2.4005e-05
98 0.052622
99 0.00976892
100 0.0156702
101 0.0171909
102 1.03958e-05
103 0.0242263
104 3.47654e-05
105 0.00295318
106 0.000215566
107 0.00276744
108 0.0074444
109 0.0198647
110 0.0565409
111 0.127192
112 0.00108189
113 0.092303
114 0.028779
115 0.0999379
116 0.00448982
117 0.000167181
118 0.000554839
119 0.000848098
120 0.0132444
121 0.00136377
122 0.00802556
123 0.0775688
124 0.0158544
125 0.106834
126 0.0161643
127 0.057521
128 0.3818
129 6.3451e-06
130 0.0560449
131 0.00122277
132 0.000801491
133 0.0022453
134 1.3767e-05
135 0.0227938
136 0.147169
137 0.000118404
138 0.0772839
139 0.00127166
140 0.0160962
141 0.0563683
142 0.0374557
143 0.00718731
144 0.00551351
145 0.000849018
146 0.00121631
147 0.00231774
148 0.0233156
149 0.0554451
150 0.0328133
151 0.0542487
152 0.00927762
153 0.00270416
154 0.255668
155 0.0335283
156 0.00340101
157 0.0207104
158 0.394891
159 0.000472442
160 0.219376
161 0.0657199
162 0.0548265
163 0.00347241
164 0.00289707
165 0.0388464
166 0.000957197
167 0.0575733
168 0.0027031
169 0.000359386
170 0.00584637
171 0.00113609
172 0.00262671
173 0.000729034
174 0.129654
175 0.0424488
176 0.182104
177 0.00114044
178 0.000899172
179 0.0276935
180 0.0339633
181 0.0235935
182 0.0329862
183 0.000374332
184 0.000439332
185 0.0559474
186 0.0330213
187 0.0382053
188 0.00851395
189 0.0968719
190 0.000359234
191 0.022235
192 0.00341944
193 0.396453
194 0.105811
195 0.0191012
196 0.101487
197 0.000538148
198 6.30325e-05
199 0.0506044
200 0.0535246
201 0.0548931
202 0.362114
203 0.00110533
204 0.124687
205 0.00048818
206 0.000952803
207 0.0015272
208 0.000268292
209 0.134616
210 0.0935159
211 0.00119394
212 0.170989
213 0.0032787
214 0.135689
215 0.0289694
216 0.0149197
217 0.0147624
218 0.037294
219 0.0961391
220 0.0339475
221 0.000671602
222 0.102959
223 0.0056172
224 0.062535
225 0.172928
226 0.105689
227 0.0985517
228 0.00144351
229 0.0178471
230 0.000618484
231 0.000378458
232 0.17091
233 0.00921454
234 0.000580721
235 0.0106507
236 0.00574992
237 6.36732e-05
238 0.00393548
239 7.03746e-05
240 0.039907
241 0.00039553
242 0.0573527
243 0.0415046
244 0.0155456
245 0.0891167
246 0.0966777
247 0.0150129
248 0.048895
249 0.000450315
250 0.0136467
251 0.163884
252 0.00023223
253 0.00153963
254 0.0044155
255 0.000383155
256 0.00568912
257 0.0257395
258 0.000654654
259 0.171492
260 0.00319448
261 0.0015666
262 0.000386073
263 0.00105897
264 0.090027
265 0.153014
266 0.0338758
267 0.0259324
268 0.00150145
269 0.024245
270 0.0302494
271 0.00625437
272 0.038672
273 0.0595493
274 0.0569691
275 0.380593
276 0.0149269
277 0.000853691
278 0.0607202
279 0.0376225
280 0.00098843
281 0.00318105
282 0.0388595
283 0.0430864
284 0.0414045
285 0.141668
286 0.00450653
287 0.00364253
288 0.344376
289 0.0665664
290 0.015614
291 0.0156536
292 0.0444886
293 0.0156387
294 0.015473
295 0.000532613
296 0.0595826
297 0.0509389
298 0.0522899
299 0.000936918
300 0.000545928
301 7.85247e-05
302 0.121043
303 0.0307058
304 0.144831
305 0.0670836
306 0.000138843
307 0.0450672
308 0.0424032
309 0.0379333
310 0.0568916
311 0.0157579
312 0.00150323
313 0.00128097
314 0.000115611
315 0.0584362
316 0.183246
317 0.0655781
318 0.0172448
319 0.00347919
320 0.000382951
321 0.0336447
322 0.161082
323 0.0356418
324 0.0430382
325 0.0207505
326 0.026625
327 0.048245
328 0.0255745
329 0.105731
330 0.000614281
331 0.0363136
332 0.000514344
333 0.0239185
334 0.00128613
335 0.000160488
336 0.0649816
337 0.0566427
338 0.0070056
339 6.31166e-05
340 0.0198641
341 0.000680363
342 0.396425
343 0.0561682
344 0.000199959
345 0.115367
346 0.101763
347 0.0376935
348 0.0618269
349 0.000166595
350 0.0100412
351 0.00346742
352 0.0172268
353 0.0132783
354 3.65838e-05
355 0.133361
356 0.00183213
357 0.000924802
358 0.00242092
359 0.0447169
360 0.23956
361 0.0201555
362 0.0567054
363 0.0454124
364 0.0073963
365 0.00916619
366 0.0167578
367 0.000524628
368 0.0547956
369 0.0672658
370 0.000307742
371 0.103524
372 0.0226655
373 0.0164805
374 0.00262722
375 0.0993788
376 0.158121
377 0.0661853
378 0.0170687
379 0.0801349
380 0.0613381
381 0.0219522
382 0.0559216
383 2.06225e-05
384 0.0158505
385 0.000437454
386 6.26894e-05
387 0.0406473
388 0.00840019
389 0.057192
390 0.00479597
391 0.000857838
392 0.000616239
393 0.0278895
394 6.52832e-07
395 0.0593775
396 0.203961
397 0.000986319
398 0.0409143
399 0.020921
400 0.159594
401 0.0350432
402 0.00601525
403 0.0015202
404 0.000381782
405 0.000344006
406 0.0615251
407 0.0573034
408 0.0419645
409 0.000450715
410 0.219338
411 0.126421
412 0.0230831
413 0.000459338
414 0.00104909
415 0.151435
416 1.87425e-05
417 0.01799
418 0.0419021
419 0.00707807
420 0.000947751
421 0.0012979
422 0.00374444
423 0.0055622
424 0.0171912
425 8.63193e-06
426 0.0804173
427 2.32562e-05
428 0.0149784
429 0.0623307
430 0.0287152
431 0.168573
432 0.141903
433 0.00536068
434 0.00516068
435 0.0532504
436 0.0289014
437 0.0501201
438 0.00124286
439 0.0956644
440 0.0101563
441 0.000683016
442 0.0896873
443 0.0181119
444 0.0585264
445 0.0114745
446 0.0543559
447 0.0950389
448 0.0254301
449 0.000515318
450 0.0541431
451 0.00109638
452 0.0153388
453 0.211364
454 0.0809642
455 0.157704
456 0.000350207
457 0.0695262
458 0.0139233
459 0.164563
460 0.338187
461 0.000249347
462 0.061453
463 0.093285
464 0.0381748
465 1.81479e-05
466 0.000573299
467 0.0441506
468 0.00159782
469 0.0228546
470 7.27443e-05
471 0.00873276
472 0.000355975
473 0.00263905
474 2.29905e-07
475 0.000563871
476 0.000593185
477 0.00656077
478 0.0215904
479 0.000338714
480 0.0217339
481 0.0166129
482 0.0477443
483 0.00039353
484 1.57263e-05
485 1.68932e-05
486 4.68107e-05
487 0.348196
488 0.000343435
489 0.0153675
490 0.00643082
491 0.00736453
492 0.00199828
493 0.00411599
494 0.00258387
495 0.000343532
496 0.00147435
497 0.00997667
498 0.0608559
499 0.146984
500 0.0158275
501 0.0482364
502 0.098149
503 0.0389395
504 0.00500653
505 0.00746084
506 0.0496708
507 0.0462482
508 0.0188993
509 0.00010246
510 0.0251133
511 0.172875
512 0.000722872
513 0.0525806
514 0.000811329
515 0.000416409
516 0.0227375
517 0.0574828
518 0.00024095
519 0.0054738
520 0.000152132
521 0.0108015
522 0.0831988
523 0.171667
524 0.396694
525 0.00105063
526 0.0366715
527 0.100322
528 0.0936766
529 0.0059899
530 0.146812
531 0.00082463
532 0.0264221
533 0.0104774
534 0.00997824
535 0.117088
536 0.0817723
537 0.139122
538 2.26313e-06
539 0.0281435
540 0.00898339
541 0.00543852
542 0.0397479
543 0.0149983
544 0.0454615
545 0.000427638
546 0.0560171
547 0.0475933
548 0.00291005
549 0.101144
550 0.0306521
551 0.0153587
552 0.000163789
553 0.00158189
554 0.00282611
555 0.0586536
556 0.00095693
557 0.0418305
558 0.0593131
559 0.0868558
560 0.0210151
561 0.000809591
562 0.172608
563 0.0182136
564 0.00639534
565 0.153937
566 0.000794208
567 0.0366949
568 0.185561
569 0.094219
570 1.32718e-05
571 0.0201467
572 0.000916188
573 0.0133283
574 0.0204688
575 0.0572946
576 4.16194e-05
577 0.30308
578 0.00113934
579 0.0139472
580 0.0106149
581 0.0209817
582 0.000817991
583 0.393251
584 0.0550861
585 0.000410922
586 0.0130353
587 0.000122304
588 0.00127492
589 0.0264944
590 0.000282251
591 0.0425544
592 1.12534e-05
593 0.000661952
594 0.000997517
595 0.0326365
596 0.0575737
597 0.00622
598 5.86247e-07
599 6.70089e-06
600 0.170198
601 0.0537002
602 0.00116649
603 0.041683
604 0.0426468
605 0.0558992
606 0.0924845
607 0.0227948
608 0.000375864
609 0.0498157
610 7.2258e-06
611 0.0938715
612 0.00111917
613 0.0109974
614 2.67778e-05
615 0.0280143
616 0.0780594
617 0.00355221
618 0.0388507
619 5.22811e-05
620 0.0155131
621 0.091703
622 0.054616
623 0.00451619
624 0.000587266
625 0.000462459
626 0.00493701
627 0.000535792
628 0.0140821
629 0.383575
630 0.052498
631 0.0352051
632 0.0573431
633 0.000960665
634 0.00525527
635 2.94194e-05
636 0.0505878
637 0.106478
638 0.0365315
639 0.000689624
640 8.55168e-05
641 0.00266054
642 0.0655967
643 0.0150894
644 0.00246528
645 0.0029225
646 0.0450429
647 1.09041e-05
648 0.00278061
649 0.0150234
650 0.0393273
651 0.171131
652 0.14438
653 0.174922
654 0.00421393
655 0.0562571
656 0.00295597
657 0.00292014
658 0.00256214
659 0.000647731
660 0.00241141
661 0.00334778
662 0.0155189
663 0.0150259
664 0.000823466
665 1.1111e-05
666 0.00088653
667 0.00358262
668 3.85084e-06
669 0.0481867
670 0.0149287
671 0.017942
672 0.0575731
673 0.100323
674 0.0290946
675 0.0966498
676 0.000529882
677 0.0343248
678 0.000599061
679 0.0520215
680 0.000927488
681 0.00225187
682 0.00315264
683 0.000104775
684 0.0508301
685 5.44843e-05
686 0.0110103
687 0.0555702
688 0.0369313
689 0.000417157
690 0.000875962
691 0.00057385
692 0.000490619
693 0.0835276
694 0.396725
695 0.00104407
696 0.0051957
697 0.00400614
698 0.000218464
699 0.000466161
700 0.097476
701 0.000922324
702 0.0930591
703 0.00043187
704 0.054006
705 0.0352377
706 0.00947184
707 0.000734771
708 0.000302002
709 0.0434787
710 0.00714102
711 0.00601284
712 5.67374e-05
713 0.00155471
714 0.0571359
715 0.00152079
716 0.00161841
717 0.122112
718 0.0478376
719 0.022889
720 0.0015133
721 0.000540002
722 0.0664091
723 1.98983e-05
724 0.00823437
725 4.50484e-05
726 0.0413617
727 1.12176e-06
728 0.0205728
729 0.0291639
730 0.0541769
731 0.0551235
732 0.0221081
733 0.10008
734 0.303546
735 0.059571
736 0.0134634
737 0.00557309
738 0.000346005
739 2.73926e-06
740 0.0467266
741 0.000504037
742 5.10308e-05
743 7.30655e-06
744 0.0137115
745 0.000326976
746 0.0503403
747 0.0917672
748 0.158919
749 0.0015337
750 0.0192561
751 0.374105
752 0.120231
753 0.0249677
754 5.99827e-05
755 0.00319302
756 0.0158706
757 0.040744
758 0.06474
759 0.0132666
760 0.00281593
761 0.0543816
762 0.0574601
763 0.053818
764 0.0499149
765 1.96562e-05
766 0.000636944
767 0.0013062
768 0.0257063
769 0.0157987
770 2.28844e-07
771 0.028963
772 0.0858176
773 0.0671808
774 0.14319
775 0.0500946
776 0.0331674
777 0.00345864
778 0.0317677
779 0.00971515
780 0.0542548
781 0.0857032
782 0.0108234
783 0.0976834
784 0.0569737
785 0.00859217
786 0.0442854
787 0.00728992
788 0.0123201
789 0.000640397
790 0.0575537
791 0.0375599
792 0.0953389
793 0.0120631
794 5.39524e-05
795 0.012618
796 0.00101201
797 0.0550157
798 7.687e-05
799 0.000405439
800 0.000183055
801 0.00174368
802 2.90968e-06
803 0.0490769
804 0.0339151
805 0.00073167
806 0.0383127
807 0.143853
808 0.0557363
809 0.0707783
810 0.000117794
811 0.00113259
812 0.165247
813 0.159844
814 0.0191121
815 0.000405247
816 0.00341797
817 0.139632
818 0.0110087
819 0.0561833
820 0.00260132
821 0.106062
822 0.0107548
823 0.00439432
824 0.0448288
825 0.000254178
826 0.000360842
827 0.0184413
828 0.00270663
829 0.00170275
830 0.000409802
831 0.0631969
832 0.0569511
833 0.018889
834 0.0253195
835 0.0606073
836 0.00129865
837 0.0299358
838 0.056031
839 0.0564307
840 0.0120189
841 0.0330603
842 0.0868492
843 0.00210349
844 0.0151668
845 0.000798314
846 0.0354201
847 0.00402431
848 0.0150016
849 0.0618503
850 0.0561978
851 0.00077572
852 0.037009
853 0.12254
854 0.0585892
855 0.000281573
856 0.0495674
857 0.0746883
858 0.0905158
859 0.154859
860 0.265207
861 0.0358333
862 0.0403294
863 0.0365619
864 0.0160326
865 0.353592
866 0.141411
867 0.0385939
868 0.00254177
869 0.00846837
870 0.0292891
871 0.00911322
872 0.0091871
873 0.034916
874 0.0148633
875 0.0663953
876 0.0360173
877 2.40575e-05
878 0.0128003
879 0.000590408
880 0.000173037
881 0.0562946
882 0.0486043
883 0.169377
884 0.100758
885 0.0226
886 0.000174524
887 1.77358e-05
888 0.00129187
889 8.21105e-06
890 0.0178889
891 0.0168881
892 0.00101391
893 0.046638
894 0.0370852
895 0.00344363
896 0.00841878
897 0.0433904
898 0.000265425
899 0.00942762
900 0.313343
901 0.0244098
902 0.0118392
903 0.16942
904 0.202642
905 0.00306539
906 0.0767295
907 0.0546679
908 0.027516
909 0.00210696
910 0.0512873
911 0.045393
912 0.0672675
913 0.000408106
914 6.47426e-07
915 0.00077367
916 0.0281067
917 0.103965
918 0.00191842
919 0.0301265
920 0.0406916
921 0.0446036
922 0.0140704
923 0.0307238
924 0.046986
925 0.0659244
926 0.00236397
927 0.0601666
928 0.040885
929 0.0480589
930 0.15719
931 0.0557249
932 0.0324965
933 0.000860449
934 0.0153672
935 5.19577e-05
936 0.0818221
937 0.0186646
938 0.00280674
939 2.21224e-05
940 0.0891909
941 2.66488e-07
942 0.0152493
943 0.0238
944 0.0559604
945 0.0374613
946 0.0286659
947 0.39177
948 0.0376081
949 0.0353056
950 0.0242317
951 3.7621e-05
952 0.0232963
953 0.0021587
954 0.00223191
955 0.000892142
956 0.000664568
957 0.395524
958 0.000444211
959 0.000375718
960 0.000199457
961 6.97308e-05
962 0.0394584
963 0.00506264
964 0.00111941
965 0.0252157
966 1.09642e-05
967 0.00162907
968 0.0015804
969 0.0012708
970 0.0021999
971 0.112016
972 0.0186762
973 0.0964057
974 0.0405946
975 0.000112068
976 0.000365556
977 0.0105055
978 0.169881
979 0.0115573
980 0.0540729
981 0.0177385
982 1.46267e-05
983 0.159012
984 0.361031
985 0.00247727
986 0.018189
987 0.0639015
988 0.0027223
989 0.0011407
990 0.00232998
991 0.000681019
992 0.0367095
993 3.56097e-06
994 0.00982806
995 0.000404845
996 0.0970169
997 0.0447383
998 0.0151314
999 0.127926
