0 0.0226991
1 4.93172e-05
2 0.020535
3 0.0164004
4 0.00379689
5 0.00607207
6 0.000430188
7 0.073062
8 0.121576
9 0.0820941
10 0.0123056
11 0.113463
12 7.64059e-05
13 0.00715884
14 0.00254398
15 0.00250148
16 0.00298101
17 0.00865055
18 0.0292028
19 0.298225
20 0.00392862
21 0.0200768
22 0.000365923
23 0.0863291
24 9.00834e-06
25 0.00237214
26 0.111531
27 0.0142762
28 0.00782111
29 0.000536866
30 0.00316706
31 0.0708625
32 0.00802805
33 0.00932331
34 0.00132784
35 0.0135833
36 0.00437023
37 0.158931
38 0.00849671
39 0.000424129
40 0.00701184
41 0.00844316
42 0.00769938
43 0.0177418
44 0.116001
45 0.00586103
46 0.00263782
47 0.0134091
48 0.0234649
49 0.000106714
50 0.023381
51 0.159505
52 3.23599e-05
53 0.00956333
54 0.0359089
55 0.000950747
56 0.00612266
57 0.014875
58 0.0663962
59 0.000892589
60 0.150341
61 0.00668152
62 0.00606995
63 0.000299603
64 0.0199194
65 0.0348035
66 0.0276305
67 0.00632635
68 0.00400668
69 0.145737
70 0.0112368
71 0.00441942
72 0.00168259
73 0.00567181
74 0.0981991
75 0.0821823
76 0.00628189
77 0.0120249
78 0.00269003
79 0.010978
80 0.010124
81 0.156216
82 0.0667216
83 0.000885437
84 0.0150714
85 0.00138279
86 0.0024878
87 0.00345753
88 0.00269014
89 0.0125254
90 0.0129762
91 0.00246411
92 0.0124483
93 0.0115832
94 0.00748174
95 0.00907219
96 0.00851549
97 0.0124717
98 0.019939
99 0.00896735
100 0.00770045
101 0.000563788
102 0.0121118
103 0.0100448
104 0.014159
105 0.00278581
106 0.00847187
107 0.00294119
108 0.00751669
109 0.00866253
110 0.0208202
111 0.058313
112 0.00753747
113 0.159293
114 0.00402131
115 0.153022
116 0.02945
117 0.0146452
118 0.00246502
119 0.00280858
120 0.0187762
121 0.00114325
122 0.0429143
123 0.155724
124 0.0077145
125 0.107883
126 2.03579e-05
127 0.0202297
128 0.311031
129 0.0108583
130 0.0280266
131 0.0146603
132 0.00899591
133 0.0187214
134 0.0106492
135 0.00957422
136 0.0703868
137 0.00203567
138 0.0798312
139 0.000576222
140 0.000381852
141 0.0208056
142 0.00107873
143 0.000499239
144 0.00108118
145 0.00281042
146 0.00414225
147 0.000481522
148 0.0139331
149 0.0206621
150 0.0188914
151 0.014929
152 0.000115839
153 0.000747039
154 0.224656
155 0.0249029
156 0.00826154
157 0.00891672
158 0.317238
159 0.00781024
160 0.197533
161 0.00556327
162 0.135682
163 0.024912
164 5.22397e-05
165 0.00789458
166 0.00180989
167 0.0204749
168 3.92332e-05
169 0.00415025
170 0.000940717
171 0.00368059
172 6.11618e-05
173 0.00640704
174 0.0598215
175 0.00596701
176 0.134172
177 0.0118708
178 0.0059399
179 0.0034389
180 0.00083011
181 0.00221256
182 0.00573596
183 0.00280523
184 0.00254722
185 0.020751
186 0.0131047
187 0.00113519
188 0.0445819
189 0.157136
190 0.00736384
191 0.0818075
192 0.00706738
193 0.315608
194 0.0451795
195 0.011408
196 0.0425384
197 0.0067061
198 0.00975748
199 0.0193149
200 0.0201966
201 0.00268836
202 0.281868
203 0.000655373
204 0.0490013
205 0.00355925
206 0.00254436
207 0.0138556
208 0.0021238
209 0.0547935
210 0.0324896
211 0.00468031
212 0.0800595
213 0.000629082
214 0.0635023
215 0.000517483
216 0.00800738
217 0.0222885
218 0.0085597
219 0.116859
220 0.0134366
221 0.00962931
222 0.0434363
223 0.0010241
224 0.0293381
225 0.0826404
226 0.0451049
227 0.100856
228 0.0115371
229 5.2322e-05
230 0.0150403
231 0.00277587
232 0.0799811
233 0.00849018
234 0.0150348
235 0.00925706
236 0.00098
237 0.00395946
238 0.00335812
239 0.00391675
240 0.00895867
241 0.00759044
242 0.0199404
243 0.00139605
244 0.0088312
245 0.0350668
246 0.0396169
247 0.00182954
248 0.0138494
249 0.00265923
250 9.66742e-05
251 0.07974
252 0.00841742
253 0.012149
254 0.00163659
255 0.0109421
256 0.0343456
257 0.00291589
258 0.00847748
259 0.0829912
260 0.00486342
261 0.0136043
262 0.00272908
263 0.0112725
264 0.159531
265 0.0664194
266 0.00612337
267 0.0106192
268 0.0118772
269 0.0144559
270 0.00436239
271 0.00731371
272 0.00834935
273 0.0196733
274 0.0194886
275 0.29851
276 0.00800603
277 0.0149989
278 0.0187868
279 0.00784301
280 0.00314566
281 0.00257314
282 0.00118526
283 0.023478
284 0.00971699
285 0.0590948
286 0.00160038
287 2.62841e-06
288 0.287365
289 0.00540673
290 0.00889414
291 0.0232803
292 0.0172266
293 0.0001935
294 0.00876245
295 0.00246444
296 0.00326908
297 0.0136597
298 0.0198403
299 0.000298009
300 0.0024641
301 0.0143838
302 0.0545359
303 0.00478165
304 0.0690023
305 0.00480017
306 0.00901331
307 0.0116634
308 0.00950906
309 0.0212712
310 0.0208292
311 0.000346402
312 0.0139682
313 0.00492777
314 0.0145128
315 0.028635
316 0.13508
317 0.021447
318 0.000573496
319 0.0267218
320 0.00281183
321 0.0192906
322 0.0782783
323 0.00691657
324 0.0167105
325 0.0784108
326 0.000390014
327 0.013466
328 0.00272825
329 0.0386802
330 0.00676508
331 0.00722648
332 0.00246843
333 0.00221211
334 0.00516348
335 0.00307742
336 0.00565576
337 0.0281887
338 0.000191179
339 0.0143172
340 0.00116875
341 0.000886456
342 0.315551
343 0.0172719
344 0.0118527
345 0.0510444
346 0.0711034
347 0.0147865
348 0.0214689
349 0.00308916
350 0.00908731
351 0.00581213
352 0.00795685
353 6.77951e-05
354 0.00556963
355 0.062086
356 0.00409557
357 0.00582912
358 0.019673
359 0.0105984
360 0.180175
361 0.0105376
362 0.0166417
363 0.0175526
364 0.00044595
365 0.000128573
366 0.0530859
367 0.00707639
368 0.0176777
369 0.0050617
370 0.0113016
371 0.0375357
372 0.0135614
373 0.000442377
374 0.000256095
375 0.126909
376 0.0766696
377 0.00548715
378 0.00484728
379 0.0297538
380 0.0210671
381 0.000179125
382 0.027993
383 0.0123883
384 0.0077142
385 0.000214805
386 0.0127255
387 0.00933087
388 0.0032621
389 0.0197345
390 0.00122897
391 0.0149968
392 0.00249147
393 0.00350726
394 0.0115645
395 0.00597903
396 0.151591
397 0.00964841
398 0.0094664
399 0.0125349
400 0.077477
401 0.00576729
402 0.0356099
403 0.0138906
404 0.00281418
405 0.00333597
406 0.00589958
407 0.0207682
408 0.0163261
409 0.00566097
410 0.163905
411 0.05784
412 0.0312554
413 0.0025133
414 0.00333549
415 0.0728812
416 0.0123402
417 0.00814186
418 0.00142889
419 0.00730832
420 0.0058178
421 0.0108469
422 0.00332043
423 0.00104764
424 0.010128
425 0.0108078
426 0.157172
427 0.0103831
428 0.00782686
429 0.0218942
430 0.00340465
431 0.0778693
432 0.0672538
433 0.00360988
434 0.0322398
435 0.0201202
436 0.011645
437 0.0191581
438 0.00145759
439 0.115597
440 0.00444863
441 0.00255179
442 0.035408
443 0.00817317
444 0.018919
445 5.42956e-09
446 0.0204156
447 0.158352
448 0.00281033
449 0.00645013
450 0.0172086
451 0.00350981
452 0.00862871
453 0.157513
454 0.0858504
455 0.0764393
456 0.00388497
457 0.0213289
458 0.0195313
459 0.0746461
460 0.283204
461 0.00317064
462 0.00590324
463 0.109749
464 0.0231677
465 0.0123246
466 0.0100745
467 0.121618
468 0.0131552
469 0.00198674
470 0.00968525
471 0.000186361
472 0.0110699
473 0.00307606
474 0.0112884
475 0.0101175
476 0.00247782
477 0.00746608
478 0.0129341
479 0.0022057
480 0.00130549
481 0.000464083
482 0.00194724
483 0.00269107
484 0.0122725
485 0.00532996
486 0.0027983
487 0.28991
488 0.00342269
489 0.0650158
490 0.00693336
491 0.00747134
492 0.00389405
493 0.00339261
494 7.40669e-05
495 0.00339434
496 0.0117102
497 0.00905908
498 0.00592833
499 0.0702782
500 0.00908214
501 0.00199421
502 0.0405087
503 0.0152365
504 0.00132341
505 0.00752599
506 0.0190108
507 0.0178454
508 0.0112784
509 0.0015141
510 0.066523
511 0.0829108
512 0.00871966
513 0.0161463
514 0.00930811
515 0.00260421
516 0.00195176
517 0.0201492
518 0.014781
519 0.0334965
520 0.00203625
521 0.00941039
522 0.031553
523 0.0830293
524 0.316909
525 0.00309583
526 0.00694738
527 0.041829
528 0.0648658
529 0.000884313
530 0.0623468
531 0.0150108
532 0.0107863
533 2.27268e-05
534 0.00905958
535 0.0521034
536 0.087223
537 0.0655806
538 0.0117414
539 0.00359648
540 0.003647
541 0.000325875
542 0.0313677
543 0.00819921
544 0.0244289
545 0.00257325
546 0.01717
547 0.0119913
548 0.00279842
549 0.0423297
550 0.0047599
551 0.0229532
552 0.00204935
553 0.0134555
554 9.07042e-06
555 0.00599893
556 0.00579523
557 0.00595435
558 0.00323278
559 0.0963607
560 0.0272324
561 0.000810642
562 0.0819154
563 0.0108295
564 0.00202765
565 0.0743192
566 0.000819347
567 0.0281467
568 0.136921
569 0.0381308
570 0.0122025
571 0.0120637
572 0.00846205
573 0.059412
574 0.00126578
575 0.0207715
576 0.00149174
577 0.231972
578 0.0053754
579 0.00459859
580 0.00933375
581 0.00900014
582 0.00615453
583 0.31122
584 0.0624059
585 0.0026217
586 5.13737e-05
587 0.0145319
588 0.014576
589 0.0909601
590 0.00214715
591 0.00957936
592 0.00523824
593 0.00681398
594 0.009689
595 0.00558594
596 0.0204591
597 0.00079882
598 0.0112599
599 0.0119526
600 0.0793061
601 0.0611239
602 0.00154603
603 0.016225
604 0.0103624
605 0.0185265
606 0.0370861
607 0.00196884
608 0.00279371
609 0.0021484
610 0.0133443
611 0.158856
612 0.0117163
613 0.00945162
614 0.0140999
615 0.000463954
616 0.0251473
617 0.00223447
618 0.00843664
619 0.0130227
620 0.00880068
621 0.159394
622 0.0352367
623 0.0295625
624 0.00247502
625 0.00250903
626 0.00134396
627 0.00703585
628 0.000130227
629 0.312029
630 0.00242441
631 0.00671749
632 0.0207536
633 0.000728607
634 0.0108495
635 0.000891952
636 0.0148758
637 0.0455876
638 0.00581512
639 0.0150407
640 0.00382695
641 0.000232057
642 0.00558046
643 0.00775491
644 0.000111516
645 6.83276e-06
646 0.0371743
647 0.0107329
648 0.000293042
649 0.00778925
650 0.00589466
651 0.125465
652 0.0687343
653 0.163223
654 0.00176245
655 0.0188252
656 0.0224247
657 4.62066e-06
658 8.07293e-05
659 0.00783185
660 0.000129185
661 0.00240124
662 0.00769566
663 0.00824569
664 0.0019989
665 0.0107265
666 0.00929499
667 0.00223502
668 0.00137357
669 0.0134318
670 0.0080186
671 0.000515788
672 0.0204336
673 0.04183
674 0.0170423
675 0.0396
676 0.000983544
677 0.013572
678 0.0150381
679 0.00607203
680 0.00298412
681 0.0187575
682 0.000653109
683 0.00197689
684 0.0193873
685 0.000781356
686 0.00945985
687 0.018264
688 0.0145113
689 0.00744946
690 0.0028661
691 0.00246968
692 0.00720333
693 0.158408
694 0.316757
695 0.0055432
696 0.00121469
697 0.027345
698 0.00188491
699 0.00729809
700 0.0999372
701 0.0149629
702 0.0322648
703 0.00738808
704 0.0614071
705 0.00673229
706 9.53922e-05
707 0.00144837
708 0.0113289
709 0.010803
710 0.00774958
711 0.0356009
712 0.00988098
713 0.000451508
714 0.0196696
715 0.00459535
716 0.0150638
717 0.0551936
718 0.126817
719 0.00021629
720 0.0139232
721 0.00246404
722 0.0288081
723 0.00268834
724 0.0436318
725 0.00565347
726 0.117435
727 0.0111652
728 0.00129145
729 0.00396191
730 0.0203703
731 0.00271469
732 0.0618245
733 0.12969
734 0.232357
735 0.140988
736 0.00147173
737 0.00696774
738 0.00322412
739 0.00241657
740 0.0125904
741 0.00631972
742 0.00995786
743 0.0119991
744 0.00152757
745 0.00295113
746 0.00606827
747 0.106332
748 0.0771084
749 0.000460391
750 0.00098095
751 0.292541
752 0.0464927
753 0.0102927
754 0.00398403
755 0.0235844
756 0.000363433
757 0.0097857
758 0.0293612
759 6.69589e-05
760 0.000119182
761 0.0173779
762 0.0206884
763 0.0202761
764 0.019091
765 0.0123638
766 0.00669109
767 0.0145192
768 0.0152587
769 0.00905738
770 0.00478568
771 0.0959035
772 0.0287645
773 0.00517057
774 0.0600465
775 0.0191498
776 0.0058142
777 0.00233479
778 0.0183821
779 0.00875807
780 0.0203901
781 0.0287101
782 0.0009174
783 0.156377
784 0.0282757
785 0.00815331
786 0.0239634
787 0.0403297
788 5.24922e-06
789 0.0150415
790 0.0203212
791 0.00781315
792 0.15819
793 0.00442791
794 0.00991795
795 2.62779e-05
796 0.0148995
797 0.020572
798 0.00142237
799 0.00264111
800 0.00339195
801 0.000373907
802 0.0117592
803 0.012725
804 0.00579614
805 0.00935367
806 0.0214401
807 0.0684198
808 0.0279411
809 0.15122
810 0.0123337
811 0.00720355
812 0.0804222
813 0.0711529
814 0.000989709
815 0.00264182
816 0.0246563
817 0.0658884
818 0.000953697
819 0.0207844
820 0.00314891
821 0.0388526
822 0.00939133
823 0.00166836
824 0.00601075
825 0.0082895
826 0.00774586
827 0.0109802
828 0.00300428
829 0.00433371
830 0.00508404
831 0.0293856
832 0.0208266
833 0.000938863
834 0.0104113
835 0.0187258
836 0.0200542
837 0.00447257
838 0.00282041
839 0.0189765
840 5.99603e-06
841 0.0057679
842 0.0963483
843 0.000236515
844 0.00772967
845 0.00271614
846 0.0139662
847 0.00213646
848 0.00780483
849 0.0193997
850 0.0163743
851 0.0150264
852 0.0208554
853 0.047786
854 0.0533794
855 0.00809063
856 0.0259623
857 0.153985
858 0.159511
859 0.0748434
860 0.231657
861 0.00700442
862 0.015738
863 0.00734218
864 0.00773462
865 0.293471
866 0.0669588
867 0.00116481
868 8.70851e-05
869 0.00837746
870 0.0117808
871 0.000135283
872 0.000126128
873 0.00581157
874 0.0636611
875 0.00451375
876 0.0141814
877 0.0124738
878 3.7542e-05
879 0.00999736
880 0.0120021
881 0.0207978
882 0.0136773
883 0.158852
884 0.132869
885 0.00951157
886 0.00342382
887 0.0105469
888 0.00506036
889 0.0120136
890 0.0257306
891 0.00788302
892 0.00974857
893 0.0179809
894 0.00712502
895 0.00258241
896 0.0442597
897 0.0168362
898 0.0148168
899 0.0398783
900 0.240474
901 0.016129
902 3.13914e-06
903 0.0786034
904 0.150537
905 0.00267905
906 0.155245
907 0.0155738
908 0.0930359
909 0.00494775
910 0.0153131
911 0.0118431
912 0.0050541
913 0.00345935
914 0.0112517
915 0.00246257
916 0.0113677
917 0.0440503
918 0.00030557
919 0.0981498
920 0.0158685
921 0.0060072
922 0.000135603
923 0.0178656
924 0.0250153
925 0.147193
926 0.000251173
927 0.0289979
928 0.00593286
929 0.0133571
930 0.0692765
931 0.0183862
932 0.10257
933 0.00604054
934 0.00769998
935 0.00164472
936 0.0873066
937 0.0111264
938 0.00290113
939 0.0124321
940 0.0928149
941 0.00166722
942 0.00771282
943 0.00217659
944 0.0185765
945 0.00584292
946 0.00397805
947 0.309569
948 0.00783618
949 0.0139249
950 0.00241453
951 0.014178
952 0.00212068
953 0.00635457
954 0.000190561
955 0.00858419
956 0.00966163
957 0.31407
958 0.00253772
959 0.00450504
960 0.00862226
961 0.0126697
962 0.0154238
963 0.00150194
964 0.00124677
965 0.0103763
966 0.0121306
967 0.00468967
968 0.0125519
969 0.010733
970 0.00296308
971 0.112241
972 0.000891343
973 0.0394522
974 0.00592615
975 0.00928728
976 0.00429496
977 0.00928775
978 0.0824837
979 1.41659e-05
980 0.015895
981 4.98682e-05
982 0.0122267
983 0.0771597
984 0.298301
985 0.000363906
986 0.0108131
987 0.0233178
988 0.0212477
989 0.00318604
990 0.00346249
991 0.0095862
992 0.00582048
993 0.00240664
994 6.31161e-05
995 0.00264326
996 0.0342284
997 0.00600921
998 0.00773964
999 0.0508592
