0 0.0382274
1 0.0195184
2 0.0238429
3 0.0242781
4 0.00924204
5 0.0575592
6 0.0297004
7 0.102522
8 0.0651515
9 0.112065
10 0.00516489
11 0.0596205
12 0.00201802
13 0.00659717
14 8.5441e-05
15 0.000470998
16 0.0619345
17 0.0157856
18 0.0207613
19 0.345148
20 0.000474654
21 0.0223697
22 0.00407572
23 0.07523
24 0.00153867
25 0.00670131
26 0.150796
27 4.2501e-07
28 0.0175065
29 0.000185822
30 0.00205557
31 0.0981522
32 0.00267329
33 0.0197584
34 2.57964e-05
35 0.0258803
36 0.0716171
37 0.101067
38 0.00817277
39 0.00400447
40 0.000907723
41 0.00268776
42 0.00013032
43 0.00408755
44 0.0613339
45 0.0121693
46 0.000750008
47 0.000495531
48 0.00696284
49 0.00426292
50 0.0218371
51 0.0990098
52 0.00133112
53 0.000730316
54 0.0173839
55 0.00267145
56 2.10999e-05
57 0.000118677
58 0.0927207
59 0.000138957
60 0.0871616
61 0.00193563
62 1.72901e-05
63 0.00114866
64 0.0219263
65 0.0120742
66 0.0452845
67 0.0029415
68 0.000234249
69 0.0831615
70 0.00442953
71 0.0101544
72 0.048303
73 0.0710692
74 0.0817042
75 0.112182
76 0.0127363
77 0.00123131
78 0.000161639
79 0.00164773
80 0.000871068
81 0.0931509
82 0.0300335
83 0.00307419
84 0.0115065
85 0.00243372
86 8.37015e-05
87 7.09981e-05
88 0.000161681
89 0.00127169
90 0.00127829
91 6.03807e-05
92 0.00529838
93 0.00117205
94 0.00214145
95 0.00772905
96 0.000950381
97 0.00529925
98 0.0219805
99 0.00750424
100 0.000133655
101 0.00442091
102 0.00510887
103 0.00312453
104 6.26017e-07
105 0.000240385
106 0.00270453
107 0.000172391
108 0.00702528
109 0.00129127
110 0.0253622
111 0.0828868
112 0.000906351
113 0.100538
114 0.00957443
115 0.102351
116 0.00937871
117 3.71039e-05
118 6.56954e-05
119 0.000200396
120 0.00970365
121 0.00202178
122 0.0163791
123 0.0925738
124 0.000166724
125 0.0789278
126 0.0178909
127 0.026667
128 0.330343
129 0.00418073
130 0.0139297
131 0.000867149
132 0.000583449
133 0.00448777
134 0.00421881
135 0.00246861
136 0.0975732
137 0.000389683
138 0.0714662
139 0.00250446
140 0.00386979
141 0.0251983
142 0.0403728
143 0.000208634
144 1.66675e-05
145 0.000200989
146 0.000564091
147 0.00383458
148 0.000633199
149 0.0243602
150 0.00295182
151 0.027212
152 0.000980112
153 0.00355644
154 0.206806
155 0.032429
156 0.00118277
157 0.00160597
158 0.347218
159 0.000292046
160 0.17435
161 0.0719859
162 0.0752675
163 0.00721187
164 0.00475634
165 0.0176181
166 0.00175464
167 0.026584
168 0.00456389
169 0.000131114
170 3.91452e-05
171 0.000451747
172 0.00446229
173 0.00179178
174 0.0847247
175 0.0464865
176 0.17712
177 0.00193061
178 0.00155298
179 0.0104072
180 0.0366572
181 0.00674662
182 0.0119991
183 3.95855e-05
184 4.09633e-05
185 0.0248098
186 0.00797539
187 0.0411723
188 0.0172912
189 0.102059
190 0.000197851
191 0.0392214
192 0.00187797
193 0.352597
194 0.0667738
195 0.000139726
196 0.0634991
197 0.00053313
198 0.0034802
199 0.0203649
200 0.0227223
201 0.0592145
202 0.332074
203 0.0022472
204 0.0733128
205 0.00014387
206 0.000551706
207 0.00117976
208 0.0010565
209 0.0805527
210 0.0518689
211 0.000172223
212 0.110489
213 0.00419498
214 0.0892031
215 0.0313679
216 0.0158607
217 0.00833458
218 0.0174052
219 0.0907773
220 0.0085509
221 0.000734636
222 0.0646141
223 9.24672e-05
224 0.018288
225 0.113222
226 0.0666815
227 0.0722249
228 0.00116485
229 0.0196587
230 0.000337648
231 3.89939e-05
232 0.110403
233 0.00816542
234 0.0003083
235 0.00894079
236 3.17325e-05
237 0.0002498
238 0.0034586
239 0.000264563
240 0.0161665
241 0.00242826
242 0.0266586
243 0.0447007
244 5.2947e-06
245 0.0541443
246 0.0598586
247 0.00561872
248 0.0217615
249 0.0009475
250 0.002115
251 0.109057
252 0.00289505
253 0.00124416
254 9.46359e-07
255 0.000521548
256 0.0118385
257 0.00789192
258 0.000451254
259 0.11332
260 0.00389493
261 0.0012263
262 3.8297e-05
263 0.00173947
264 0.099545
265 0.0946911
266 0.0125237
267 0.00396329
268 0.00121366
269 0.000789924
270 0.0120011
271 0.00446384
272 0.01541
273 0.0198076
274 0.0265251
275 0.345352
276 1.10031e-05
277 0.000531215
278 0.0330189
279 0.014771
280 0.000303538
281 0.000181749
282 0.0418707
283 0.00697753
284 0.0170895
285 0.0858443
286 8.56729e-06
287 0.000684888
288 0.290795
289 0.0728294
290 5.74812e-06
291 0.00894271
292 0.0157295
293 0.000673032
294 4.89499e-06
295 5.95565e-05
296 0.0644076
297 0.0259873
298 0.0217108
299 1.04127e-05
300 6.3162e-05
301 4.3156e-06
302 0.078276
303 0.0106725
304 0.0958888
305 0.0730955
306 0.00302544
307 0.0193674
308 0.0200328
309 0.00478297
310 0.025707
311 0.0029768
312 0.00115293
313 0.000719397
314 1.54595e-05
315 0.0154488
316 0.178163
317 0.0365723
318 0.00444853
319 0.0257874
320 0.000835446
321 0.00322392
322 0.107236
323 0.0135759
324 0.01468
325 0.0371229
326 0.0288931
327 0.0213552
328 0.00911921
329 0.0600621
330 0.00197991
331 0.0139796
332 5.49632e-05
333 0.0081366
334 0.000756952
335 8.65003e-06
336 0.0712269
337 0.0143014
338 0.00822555
339 1.40478e-06
340 0.00485932
341 0.00156366
342 0.352623
343 0.0181239
344 0.000347546
345 0.0739993
346 0.102315
347 0.0109769
348 0.0208939
349 1.00527e-05
350 0.00776227
351 0.00223633
352 0.000471754
353 0.00197371
354 1.75215e-08
355 0.0874807
356 0.000535384
357 0.00128334
358 0.00488552
359 0.0216263
360 0.228936
361 0.0227384
362 0.0301105
363 0.0164077
364 0.000244894
365 0.00094364
366 0.0540527
367 0.00214674
368 0.0253699
369 0.0734182
370 0.000454334
371 0.0585625
372 0.00053356
373 0.0040612
374 0.00431352
375 0.0950238
376 0.10525
377 0.0724548
378 0.0178803
379 0.0473877
380 0.020666
381 0.0239727
382 0.0138535
383 0.00522721
384 0.000165994
385 0.00131631
386 0.000180463
387 0.0166221
388 0.00979231
389 0.0266117
390 0.00650014
391 0.000534775
392 8.56716e-05
393 0.0105279
394 0.00464866
395 0.0652421
396 0.197005
397 0.000752198
398 0.0167867
399 0.000308033
400 0.106245
401 0.0381565
402 0.0124913
403 0.00117184
404 0.000833502
405 6.30588e-05
406 0.0675637
407 0.026152
408 0.0139149
409 0.000338366
410 0.21087
411 0.0823102
412 0.0141397
413 4.3832e-05
414 0.000358255
415 0.100612
416 0.00519063
417 0.000680615
418 0.0451268
419 0.00677621
420 0.0014919
421 0.0010363
422 0.0032607
423 8.54172e-05
424 3.73699e-05
425 0.00431536
426 0.0943505
427 0.00387423
428 2.56735e-05
429 0.021125
430 0.00491703
431 0.108042
432 0.093763
433 0.00495813
434 0.0107666
435 0.0224955
436 0.00555065
437 0.0199845
438 0.00219566
439 0.0902105
440 0.0114555
441 0.000112285
442 0.0545748
443 0.000716299
444 0.0193046
445 0.00132796
446 0.0234193
447 0.101546
448 0.00772446
449 0.000481975
450 0.0249867
451 0.000406461
452 4.3951e-06
453 0.203693
454 0.0749585
455 0.104967
456 0.000105225
457 0.036501
458 0.0102717
459 0.104357
460 0.284628
461 0.000606101
462 0.0674862
463 0.08749
464 0.0408453
465 0.00517895
466 0.000669398
467 0.0651807
468 0.00127149
469 0.0063616
470 0.00363775
471 0.000528179
472 0.00049794
473 0.000207054
474 0.00446376
475 0.000662763
476 7.76623e-05
477 0.00471704
478 0.000387266
479 9.34278e-05
480 0.00233135
481 0.00412767
482 0.0514201
483 3.80183e-05
484 0.00520337
485 5.22029e-06
486 7.08302e-06
487 0.294636
488 6.86417e-05
489 0.0290172
490 0.00632711
491 0.0069712
492 0.000623849
493 0.00364638
494 0.00440457
495 6.67681e-05
496 0.0011911
497 0.0077004
498 0.0668429
499 0.0974409
500 7.61706e-06
501 0.0519531
502 0.0609721
503 0.0118161
504 4.11469e-07
505 0.00703637
506 0.0196338
507 0.0170277
508 0.000125336
509 1.35726e-05
510 0.0687117
511 0.113466
512 0.000512368
513 0.0240448
514 0.00116026
515 3.87023e-05
516 0.00630104
517 0.0266733
518 7.56023e-05
519 0.011404
520 8.6159e-06
521 0.00855092
522 0.0496874
523 0.113384
524 0.351232
525 0.00198329
526 0.0161652
527 0.0626169
528 0.0946309
529 5.14799e-05
530 0.0897979
531 0.000506377
532 0.00421449
533 0.00140059
534 0.00770194
535 0.0752982
536 0.0757357
537 0.0917295
538 0.00488531
539 0.0106848
540 0.0103477
541 0.00654664
542 0.037884
543 6.10993e-06
544 0.00809986
545 3.96468e-05
546 0.0180476
547 0.0236297
548 0.000138411
549 0.0632397
550 0.0106416
551 0.00874109
552 1.18986e-05
553 0.00124614
554 0.00472151
555 0.0644547
556 0.00148067
557 0.0457928
558 0.0641068
559 0.0807368
560 0.0163022
561 0.00177643
562 0.112491
563 8.28234e-05
564 0.00827849
565 0.102368
566 0.00175136
567 0.0352078
568 0.180278
569 0.0579987
570 0.00516258
571 0.000227954
572 0.000860899
573 0.0257147
574 0.00616884
575 0.0261414
576 0.000319492
577 0.284174
578 0.00127572
579 0.0143841
580 0.00834067
581 0.00171149
582 0.00166172
583 0.352478
584 0.0379567
585 3.83659e-05
586 0.00188216
587 1.79322e-05
588 0.00091778
589 0.0449588
590 0.00107721
591 0.0201364
592 9.76547e-06
593 0.00552999
594 0.000762462
595 0.0117939
596 0.0265932
597 7.43829e-05
598 0.00459135
599 0.00491395
600 0.109654
601 0.036894
602 0.0020783
603 0.0137161
604 0.0178593
605 0.0259925
606 0.0566875
607 0.00633064
608 3.93342e-05
609 0.0536667
610 7.74526e-05
611 0.101145
612 0.00188064
613 0.00902352
614 2.19541e-06
615 0.0303591
616 0.0418594
617 3.60063e-05
618 0.0155192
619 0.0116352
620 5.10486e-06
621 0.100287
622 0.0570098
623 0.00943389
624 7.57045e-05
625 4.43423e-05
626 2.35577e-05
627 0.00212485
628 0.00290768
629 0.332404
630 0.0565896
631 0.0133145
632 0.0261998
633 0.00201933
634 0.00221934
635 0.000506844
636 0.0228163
637 0.0672786
638 0.0398339
639 0.000394315
640 0.000296932
641 0.00436602
642 0.0718604
643 4.23033e-05
644 0.00424257
645 0.00482348
646 0.0425253
647 0.00426973
648 0.00416046
649 3.26383e-05
650 0.0429808
651 0.167061
652 0.0955629
653 0.135732
654 3.46747e-07
655 0.0261827
656 0.00608078
657 0.00482316
658 0.00437512
659 0.00078198
660 0.0041681
661 6.04318e-05
662 0.000108026
663 5.54466e-06
664 0.00154573
665 0.00426583
666 0.000660895
667 0.000101699
668 0.000254099
669 0.0213188
670 1.04848e-05
671 0.00121392
672 0.0266066
673 0.0626182
674 0.00186351
675 0.0598375
676 0.00130825
677 0.00878822
678 0.000322488
679 0.0571634
680 0.00025514
681 0.0045027
682 0.00405554
683 3.71275e-07
684 0.0205432
685 0.000588244
686 0.00902028
687 0.0258114
688 0.0104711
689 0.00212365
690 0.000218623
691 7.14145e-05
692 0.00221558
693 0.0961782
694 0.351507
695 0.00114748
696 4.49127e-05
697 0.00835841
698 0.000552549
699 0.00226727
700 0.0713581
701 0.00059082
702 0.0515675
703 0.00208991
704 0.0371283
705 0.013334
706 0.00104479
707 0.00125555
708 0.000448969
709 0.0183766
710 0.00520117
711 0.0124866
712 0.00375478
713 0.00293265
714 0.0265915
715 0.000730613
716 0.00304722
717 0.07908
718 0.0688217
719 0.024958
720 0.00116412
721 6.1532e-05
722 0.0215804
723 2.45275e-05
724 0.0167705
725 3.64011e-07
726 0.0623078
727 0.00438214
728 0.00622638
729 0.0113191
730 0.0232679
731 0.0594679
732 0.0635726
733 0.0961027
734 0.284569
735 0.0793281
736 0.0048728
737 0.00390663
738 5.65075e-05
739 0.000117548
740 0.0204051
741 0.000456753
742 0.0038009
743 0.0050414
744 0.00499127
745 0.000740742
746 0.0552986
747 0.0858331
748 0.105791
749 0.00290124
750 0.00550659
751 0.340889
752 0.070135
753 0.00348176
754 0.000241531
755 0.00660264
756 0.00302508
757 0.0193533
758 0.0200125
759 0.00196929
760 0.00461592
761 0.0251277
762 0.0263528
763 0.0229666
764 0.0198241
765 0.00520843
766 0.00194069
767 0.000948615
768 0.0010693
769 7.32642e-06
770 5.47285e-05
771 0.0481084
772 0.0468345
773 0.0733795
774 0.0870056
775 0.0199646
776 0.0121057
777 0.00012348
778 0.00262417
779 0.00846144
780 0.0233338
781 0.0467604
782 0.00363908
783 0.102226
784 0.0145096
785 0.00777826
786 0.00753561
787 0.0149823
788 0.0138491
789 0.000354914
790 0.0266493
791 0.014733
792 0.10164
793 0.0122849
794 0.00377695
795 0.00225767
796 0.000670694
797 0.0239847
798 0.000417654
799 3.81295e-05
800 0.000486728
801 0.00321271
802 0.00478086
803 0.0246717
804 0.0143529
805 0.000770687
806 0.00493296
807 0.0951806
808 0.0137396
809 0.0879739
810 0.000253982
811 0.000909366
812 0.109915
813 0.100292
814 0.00449733
815 3.8123e-05
816 0.00709362
817 0.0921035
818 0.00372389
819 0.0250259
820 0.000352961
821 0.0602875
822 0.00849648
823 1.40962e-05
824 0.0491528
825 0.00282183
826 0.00251475
827 9.58505e-05
828 0.000188308
829 0.000803818
830 0.000247959
831 0.018785
832 0.0257678
833 0.00439132
834 0.00365522
835 0.0329367
836 0.0188227
837 0.010231
838 0.0604675
839 0.0262718
840 0.00200567
841 0.0120426
842 0.0807301
843 0.00373431
844 5.35465e-05
845 0.000170343
846 0.00948635
847 0.00130575
848 2.93711e-05
849 0.0338424
850 0.0297448
851 0.000465134
852 0.00442561
853 0.0717766
854 0.054469
855 0.00248393
856 0.0101995
857 0.0906832
858 0.099767
859 0.10301
860 0.215488
861 0.0136907
862 0.0127699
863 0.0141292
864 0.000200608
865 0.300116
866 0.0934045
867 0.0415871
868 0.0043474
869 0.00633567
870 0.00576856
871 0.000623259
872 0.000950447
873 0.00760465
874 0.0282136
875 0.0722198
876 0.00987267
877 0.00530448
878 0.0017949
879 0.000681302
880 0.000318355
881 0.0251293
882 0.0215799
883 0.130998
884 0.0972773
885 0.00238355
886 0.000470949
887 0.00415666
888 0.00112708
889 0.00495644
890 0.0104842
891 0.000387551
892 0.000777487
893 0.0173191
894 0.01644
895 0.00167675
896 0.0171143
897 0.0149331
898 8.97616e-05
899 0.0397851
900 0.292822
901 0.0243852
902 0.00145191
903 0.108868
904 0.195811
905 0.000210217
906 0.0920324
907 0.0286458
908 0.0462769
909 0.00121295
910 0.0232498
911 0.019571
912 0.0734163
913 0.000103575
914 0.00458634
915 0.000404121
916 0.00511124
917 0.0653755
918 0.00346791
919 0.0495518
920 0.0130215
921 0.0489008
922 0.00228103
923 0.00231371
924 0.008856
925 0.0843893
926 0.00367918
927 0.0166055
928 0.0447314
929 0.0212388
930 0.0980835
931 0.0258971
932 0.0524152
933 0.00160375
934 8.37173e-05
935 0.000654453
936 0.0757837
937 0.000109678
938 0.000162567
939 0.00529087
940 0.0647101
941 0.000127793
942 6.57276e-05
943 0.00806714
944 0.0260255
945 0.0408811
946 0.00951068
947 0.351884
948 0.0147623
949 0.00941278
950 0.00708315
951 3.17398e-07
952 0.00659116
953 0.000565123
954 0.00391676
955 0.000851141
956 0.000730236
957 0.352938
958 4.15915e-05
959 0.000170949
960 0.00301302
961 0.000190644
962 0.0121701
963 0.000802686
964 0.00172998
965 0.0036038
966 0.00512008
967 0.00354189
968 0.00127295
969 0.00101188
970 0.00170317
971 0.083146
972 0.00429078
973 0.0596528
974 0.0444052
975 0.00340158
976 0.00014666
977 0.00822464
978 0.112587
979 0.0130457
980 0.0170606
981 0.0195446
982 0.00510739
983 0.105854
984 0.307787
985 0.00408008
986 8.14755e-05
987 0.0218101
988 0.0055618
989 0.00207488
990 0.000461086
991 0.000740476
992 0.0400345
993 0.000122444
994 0.000816935
995 3.8107e-05
996 0.054191
997 0.0490516
998 4.84004e-05
999 0.0756497
