0.5766087074733769
0.5087439141046691
0.47153708857353555
0.45423308327191714
0.4441924560645509
0.4376756818642202
0.4361786951538932
0.42905700257297896
0.433770298557474
0.4184810052801874
0.4653733331249818
0.4532324691270094
0.4478296737133654
0.4442911672297837
0.4378460343990363
0.4090690923262867
0.39757241652373854
0.453425366352674
0.427985189594824
0.39874515126557436
0.45445748216226434
0.4471717990235646
0.44499459893984533
0.44440078415089435
0.44426855377724844
0.44425299186170497
0.4442544486140513
0.4442475231463338
0.44422663792099276
0.4441892620874774
0.44413015553890833
0.4440370412560171
0.4438815007641014
0.4435911283636402
0.44294365643584016
0.44105558823381635
0.4343066812035697
0.4271438372630624
0.4369486594841438
0.4114691030817417
0.4248649331137331
0.4437816453731337
0.4404943680342229
0.4270164496597365
0.39160283898882564
0.3817293130340916
0.37126681862375566
0.3625094796513752
0.35408512307178974
0.34704585121970516
0.3405041089899147
0.3348218164719253
0.3296441540583499
0.32500877063951666
0.32080079395916655
0.31697832822326066
0.31348933579619487
0.310293763216295
0.30735676209668156
0.30464865086878745
0.3021439502666108
0.2998207049014942
0.29765991808052306
0.29564508723342153
0.2937618206898138
0.2919975204872752
0.2903411188717521
0.28878285856963304
0.28731410885384884
0.2859272109801138
0.2846153478090219
0.2833724334184622
0.282193019300234
0.2810722143662465
0.2800056164961271
0.27898925376540984
0.27801953382214045
0.2770932001458512
0.2762072941390247
0.2753591221774176
0.27454622688978947
0.2737663620559486
0.2730174706095245
0.27229766531246347
0.2716052117350668
0.27093851323097645
0.27029609764291274
0.2696766055137879
0.26907877961042787
0.2685014555945857
0.26794355369909484
0.2674040712866499
0.26688207618534426
0.2663767007092834
0.2658871362846834
0.26541262861221027
0.26495247330518673
0.2645060119509135
0.26407262854890684
0.26365174628552673
0.26324282460935067
0.2628453565758915
0.26245886643392985
0.2620829074289247
0.26171705980173426
0.26136092896329993
0.26101414382804
0.2606763552905333
0.2603472348316597
0.26002647324174877
0.259713779449483
0.2594088794463387
0.25911151529724
0.25882144422886333
0.25853843778767965
0.2582622810603749
0.2579927719497471
0.2577297204995697
0.2574729482622281
0.2572222877032147
0.2569775816367981
0.2567386826873993
0.2565054527714203
0.25627776259449375
0.2560554911593849
0.25583852528010936
0.25562675909821114
0.25542009359768325
0.25521843611561656
0.25502169984643697
0.25482980333849753
0.25464266998281476
0.2544602274948832
0.2542824073916942
0.2541091444672711
0.25394037627114235
0.25377604259507003
0.2536160849739699
0.25346044620716174
0.2533090699058202
0.25316190007169864
0.25301888071088624
0.2528799554846135
0.25274506739707103
0.2526141585180441
0.25248716973612695
0.25236404053656003
0.25224470879653543
0.25212911059024024
0.2520171799959851
0.2519088488984323
0.25180404678007395
0.25170270049750926
0.2516047340396076
0.2515100682660893
0.2514186206263502
0.25133030485940155
0.25124503067656195
0.2511627034290624
0.251083223763014
0.25100648726432945
0.2509323840962073
0.25086079863178956
0.25079160908461057
0.25072468713957174
0.25065989758741214
0.25059709796608515
0.25053613821310866
0.25047686033384714
0.2504190980918178
0.25036267672846896
0.25030741272139007
0.25025311359150937
0.250199577771465
0.25014659454871335
0.2500939440982924
0.2500413976204075
0.2499887175995987
0.24993565819690772
0.2498819658016135
0.24982737970448174
0.24977163310061104
0.2497144535584752
0.24965556695172905
0.24959468525569994
0.24953158006231974
0.24946568070844993
0.24939846896890888
0.24931863366468077
0.24930530223394917
0.24907848406654937
0.27115708443477476
0.4663058267907235
0.4376269681443694
0.422932238294572
0.41685976915444356
0.41417819084050905
0.4129901599174378
0.41255389512275087
0.4125401078997209
0.4127950028262393
0.41325053224764285
0.4138860387886664
0.41471110672588457
0.4157582826721678
0.41708032288056207
0.41874795753906163
0.4208426876049033
0.4234354575798159
0.4265397607864355
0.4300400126141953
0.433640891874546
0.4369292637862937
0.4395657149436357
0.44144222908586395
0.44265987766882836
0.4434016044389919
0.44383579740201184
0.44408387781659275
0.44422347439911863
0.44430115137837867
0.44434388747578146
0.4443670177459662
0.44437916583199755
0.44438515082628
0.4443876544428251
0.44438816328728514
0.4443874971272374
0.4443861036748763
0.444384222568202
0.4443819763240666
0.44437942056610485
0.44437657151821697
0.4443734207484292
0.44436994267579055
0.44436609784898934
0.44436183359030773
0.4443570827776052
0.4443517610281898
0.4443457621835822
0.4443389516607135
0.4443311568367732
0.4443221530569451
0.44431164291837044
0.4442992248678006
0.44428434422450297
0.4442662141963655
0.44424368342616566
0.44421500339002135
0.44417739679508383
0.4441262012702828
0.44405302314734196
0.44394131147481625
0.44375414950013975
0.4433933405520555
0.44251629063995207
0.4392241388519627
0.4125413439949696
0.37143002823282656
0.36377532034208704
0.3552393421669571
0.34772450729330434
0.341030967940739
0.33504845349181045
0.3296854027582426
0.32486385824716646
0.32051581522567496
0.316581464407289
0.31300848056149916
0.30975149261134033
0.30677144498803566
0.30403486061955637
0.30151308493800016
0.299181573860981
0.29701925858835104
0.29500799751108586
0.29313211262301575
0.2913780018218328
0.2897338165299256
0.28818919418900435
0.28673503622409635
0.2853633234116122
0.28406696192007425
0.2828396544912849
0.2816757922532205
0.2805703635046509
0.27951887650380497
0.2785172938529635
0.2775619765210895
0.2766496359082421
0.2757772926461095
0.2749422410628539
0.2741420184291413
0.2733743782549024
0.2726372670303644
0.27192880390590407
0.271247262887913
0.2705910571957124
0.2699587254804497
0.2693489196531563
0.268760394107523
0.26819199615492745
0.26764265751597066
0.26711138673519463
0.26659726240451354
0.2660994270968082
0.26561708192461
0.2651494816502382
0.26469593028350347
0.2642557771113996
0.2638284131113338
0.2634132677055518
0.26300980581967004
0.2626175252127646
0.26223595405037964
0.261864648695218
0.26150319169321207
0.26115118993524566
0.2608082729770189
0.2604740915015036
0.26014831591013293
0.2598306350303643
0.25952075492855725
0.25921839781825856
0.2589233010549917
0.2586352162095391
0.25835390821247955
0.2580791545634408
0.25781074459912795
0.25754847881472853
0.25729216823376866
0.2570416338219209
0.25679670594063364
0.2565572238367931
0.256323035164927
0.2560939955387386
0.25586996810900403
0.25565082316511056
0.25543643775772246
0.2552266953402892
0.2550214854273083
0.25482070326747286
0.2546242495300449
0.25443203000301245
0.2542439553018146
0.2540599405876555
0.25387990529465915
0.25370377286536683
0.2535314704943108
0.25336292887963857
0.2531980819829662
0.25303686679783244
0.25287922312727373
0.25272509337113763
0.2525744223237865
0.2524271569828239
0.25228324636935406
0.2521426413601211
0.25200529453160464
0.2518711600158507
0.2517401933674483
0.25161235144068594
0.25148759227555123
0.2513658749908789
0.2512471596826733
0.25113140732540673
0.25101857967397734
0.2509086391639743
0.25080154880796607
0.2506972720856661
0.2505957728260379
0.2504970150796409
0.2504009629797745
0.25030758059122654
0.2502168317456604
0.25012867986284865
0.2500430877571161
0.2499600174284368
0.24987942983768915
0.24980128466558388
0.24972554005476977
0.24965215233457697
0.24958107572782995
0.24951226203910354
0.24944566032377313
0.2493812165371989
0.24931887316342458
0.24925856882285066
0.2492002378585146
0.24914380990087445
0.24908920941136525
0.24903635520553855
0.2489851599572934
0.2489355296866035
0.2488873632342683
0.24884055172855632
0.24879497805020354
0.24875051630401895
0.24870703130736935
0.2486643781079265
0.24862240154529106
0.24858093587319785
0.24853980446106133
0.24849881959498127
0.24845778240002428
0.24841648290404694
0.24837470026861208
0.24833220319108407
0.24828875055005437
0.24824409209114304
0.24819797004584981
0.2481501178185947
0.24810027362021392
0.24804812142819668
0.2479936131281278
0.2479351903378243
0.24788032515697211
0.2477845828847539
0.24816801450028145
0.2514038972818247
0.24814561324549875
0.25771165154279074
0.25233523492820564
0.25010806248980183
0.24799760698360426
0.24518836115024023
0.24533333816434996
0.24547304599857783
0.24579363890074468
0.2620009201260493
0.4634304289832993
0.4356006027364491
0.42197806157347884
0.416318193667974
0.4137825954606318
0.41263897170811387
0.4121981271624289
0.41214953679926053
0.41234559632301504
0.4127184156782932
0.41324365278888475
0.4139240192159222
0.41478214776084765
0.41585825708390933
0.4172098879237302
0.41891074391760785
0.42104345570351426
0.4236770802200636
0.4268182388250279
0.43033895932594035
0.43393137520622416
0.43718086687643415
0.4397621129201684
0.4415856862042315
0.4427630949433899
0.4434784026558301
0.4438968421276489
0.44413621198959863
0.44427139826800816
0.4443471933786603
0.44438951643354024
0.44441309500687504
0.4444262138123669
0.4444335073939254
0.4444375603693666
0.4444398116760943
0.4444410616540765
0.4444417552190353
0.4444421396308221
0.44444235228055917
0.44444246950336164
0.4444425337092266
0.4444425684594897
0.4444425868436979
0.44444259613370823
0.44444260036935856
0.4444426017949476
0.44444260165726956
0.44444260064896457
0.4444425991548152
0.4444425973885769
0.44444259546899023
0.44444259346201564
0.44444259140428727
0.4444425893161492
0.4444425872088975
0.44444258508879725
0.4444425829593218
0.4444425808223933
0.44444257867907144
0.44444257652993724
0.4444425743753056
0.4444425722153423
0.44444257005013094
0.44444256787971154
0.4444425657040974
0.4444425635232884
0.44444256133727345
0.4444425591460414
0.44444255694957585
0.44444255474786154
0.4444425525408771
0.44444255032860513
0.44444254811102946
0.44444254588812837
0.4444425436598837
0.44444254142627604
0.4444425391872864
0.44444253694289393
0.4444425346930808
0.44444253243782483
0.44444253017710944
0.4444425279109142
0.44444252563921643
0.444442523361999
0.44444252107923976
0.4444425187909175
0.4444425164970151
0.4444425141975107
0.44444251189238215
0.444442509581611
0.4444425072651743
0.44444250494305315
0.4444425026152263
0.4444425002816709
0.4444424979423682
0.4444424955972942
0.44444249324642954
0.44444249088975263
0.4444424885272397
0.44444248615887194
0.44444248378462653
0.4444424814044799
0.4444424790184117
0.4444424766263997
0.4444424742284202
0.4444424718244536
0.4444424694144738
0.444442466998461
0.4444424645763912
0.4444424621482412
0.44444245971398977
0.44444245727361176
0.4444424548270853
0.4444424523743865
0.4444424499154932
0.4444424474503794
0.4444424449790233
0.44444244250140075
0.4444424400174876
0.4444424375272599
0.44444243503069314
0.44444243252776416
0.4444424300184483
0.4444424275027185
0.4444424249805543
0.44444242245192755
0.44444241991681427
0.444442417375191
0.4444424148270306
0.44444241227230785
0.4444424097109983
0.4444424071430766
0.4444424045685168
0.4444424019872914
0.44444239939937824
0.4444423968047462
0.444442394203373
0.44444239159523063
0.4444423889802925
0.44444238635853267
0.4444423837299242
0.44444238109444034
0.4444423784520536
0.4444423758027362
0.44444237314646146
0.44444237048320223
0.44444236781293106
0.44444236513561913
0.4444423624512384
0.4444423597597619
0.44444235706116114
0.44444235435540874
0.4444423516424741
0.4444423489223282
0.44444234619494455
0.4444423434602925
0.4444423407183434
0.44444233796906824
0.4444423352124373
0.44444233244842124
0.4444423296769895
0.444442326898112
0.4444423241117611
0.44444232131790373
0.4444423185165099
0.44444231570754983
0.4444423128909929
0.444442310066808
0.4444423072349637
0.4444423043954286
0.44444230154817155
0.44444229869316193
0.4444422958303655
0.44444229295975296
0.44444229008129077
0.44444228719494716
0.4444422843006891
0.4444422813984838
0.4444422784882983
0.44444227557010163
0.4444422726438594
0.4444422697095361
0.44444226676710147
0.44444226381651963
0.4444422608577576
0.4444422578907812
0.44444225491555567
0.4444422519320473
0.4444422489402201
0.4444422459400392
0.44444224293147044
0.4444422399144792
0.44444223688902884
0.4444422338550831
0.44444223081260725
0.44444222776156495
0.4444422247019187
0.4444422216336344
0.44444221855667293
0.4444422154709996
0.4444422123765751
0.44444220927336375
0.44444220616132757
0.44444220304042803
0.444442199910627
0.4444421967718883
0.4444421936241718
0.4444421904674391
0.4444421873016513
0.4444421841267689
0.44444218094275406
0.44444217774956724
0.44444217454716667
0.44444217133551467
0.44444216811456727
0.44444216488428795
0.4444421616446351
0.44444215839556767
0.4444421551370424
0.444442151869021
0.44444214859145975
0.44444214530431836
0.44444214200755205
0.44444213870112065
0.44444213538498145
0.4444421320590915
0.44444212872340677
0.444442125377884
0.44444212202247935
0.44444211865714994
0.4444421152818518
0.4444421118965386
0.4444421085011667
0.4444421050956922
0.4444421016800687
0.4444420982542497
0.44444209481819086
0.4444420913718456
0.4444420879151686
0.44444208444811284
0.44444208097062976
0.4444420774826727
0.44444207398419555
0.44444207047515055
0.44444206695548916
0.4444420634251611
0.44444205988412183
0.4444420563323177
0.44444205276970417
0.44444204919622693
0.44444204561184153
0.444442042016493
0.44444203841013313
0.4444420347927108
0.44444203116417536
0.444442027524475
0.4444420238735586
0.44444202021137336
0.44444201653786625
0.44444201285298746
0.4444420091566797
0.44444200544889306
0.4444420017295733
0.44444199799866635
0.4444419942561168
0.44444199050187133
0.44444198673587326
0.44444198295806925
0.44444197916840167
0.4444419753668157
0.4444419715532556
0.4444419677276625
0.4444419638899812
0.4444419600401515
0.44444195617812016
0.44444195230382477
0.44444194841720824
0.4444419445182112
0.44444194060677666
0.44444193668284154
0.44444193274634625
0.44444192879723254
0.44444192483543754
0.4444419208609005
0.44444191687355966
0.4444419128733539
0.44444190886021917
0.444441904834093
0.44444190079491225
0.44444189674261414
0.44444189267713347
0.44444188859840644
0.44444188450636873
0.44444188040095234
0.4444418762820928
0.44444187214972475
0.4444418680037804
0.4444418638441941
0.44444185967089717
0.44444185548382
0.4444418512828969
0.4444418470680587
0.44444184283923366
0.4444418385963546
0.4444418343393497
0.44444183006814886
0.4444418257826792
0.4444418214828719
0.44444181716865244
0.4444418128399486
0.4444418084966882
0.4444418041387956
0.4444417997661992
0.4444417953788226
0.4444417909765903
0.4444417865594279
0.44444178212725766
0.44444177768000365
0.44444177321758976
0.44444176873993674
0.4444417642469665
0.44444175973859995
0.4444417552147587
0.4444417506753617
0.4444417461203296
0.44444174154957916
0.4444417369630316
0.44444173236060314
0.4444417277422101
0.44444172310777147
0.44444171845720193
0.4444417137904168
0.4444417091073312
0.4444417044078615
0.44444169969191655
0.4444416949594152
0.44444169021026575
0.444441685444382
0.44444168066167455
0.4444416758620538
0.44444167104542864
0.4444416662117123
0.4444416613608094
0.4444416564926301
0.4444416516070826
0.4444416467040701
0.4444416417835014
0.44444163684528226
0.4444416318893161
0.4444416269155066
0.44444162192375813
0.4444416169139728
0.4444416118860528
0.4444416068398987
0.4444416017754121
0.44444159669249034
0.4444415915910358
0.44444158647094434
0.44444158133211464
0.44444157617444313
0.4444415709978254
0.44444156580215743
0.4444415605873322
0.44444155535324525
0.4444415500997883
0.4444415448268545
0.44444153953433435
0.4444415342221191
0.44444152889009697
0.4444415235381583
0.44444151816618943
0.4444415127740788
0.44444150736171295
0.44444150192897774
0.4444414964757561
0.4444414910019331
0.44444148550738993
0.44444147999201067
0.4444414744556756
0.44444146889826325
0.44444146331965567
0.44444145771972904
0.4444414520983617
0.4444414464554297
0.44444144079080844
0.4444414351043726
0.4444414293959964
0.4444414236655516
0.44444141791290914
0.4444414121379413
0.4444414063405155
0.44444140052050196
0.4444413946777687
0.4444413888121807
0.4444413829236031
0.4444413770119028
0.44444137107693943
0.44444136511857807
0.44444135913667937
0.4444413531311018
0.4444413471017061
0.44444134104834987
0.4444413349708883
0.4444413288691785
0.4444413227430738
0.44444131659242914
0.44444131041709384
0.44444130421691924
0.44444129799175613
0.44444129174145386
0.4444412854658576
0.44444127916481285
0.44444127283816615
0.44444126648576004
0.4444412601074371
0.44444125370303744
0.4444412472723998
0.4444412408153643
0.4444412343317667
0.4444412278214423
0.44444122128422475
0.4444412147199496
0.4444412081284452
0.4444412015095433
0.44444119486307154
0.4444411881888561
0.4444411814867254
0.44444117475650186
0.4444411679980071
0.44444116121106475
0.44444115439549425
0.4444411475511115
0.4444411406777355
0.44444113377518
0.4444411268432584
0.4444411198817837
0.44444111289056554
0.444441105869413
0.4444410988181339
0.44444109173653146
0.4444410846244101
0.4444410774815731
0.44444107030781926
0.4444410631029479
0.44444105586675475
0.44444104859903677
0.4444410412995856
0.4444410339681923
0.4444410266046477
0.44444101920873946
0.4444410117802532
0.4444410043189726
0.444440996824679
0.44444098929715375
0.44444098173617447
0.4444409741415165
0.4444409665129553
0.44444095885026236
0.4444409511532084
0.4444409434215596
0.44444093565508347
0.4444409278535439
0.44444092001670177
0.44444091214431725
0.4444409042361467
0.44444089629194555
0.4444408883114675
0.4444408802944625
0.4444408722406778
0.44444086414986134
0.4444408560217557
0.4444408478561005
0.4444408396526371
0.4444408314111013
0.44444082313122624
0.44444081481274317
0.44444080645538314
0.4444407980588703
0.4444407896229293
0.4444407811472807
0.4444407726316455
0.4444407640757358
0.44444075547926765
0.4444407468419505
0.44444073816349183
0.4444407294435976
0.44444072068196955
0.4444407118783061
0.4444407030323035
0.4444406941436563
0.444440685212055
0.44444067623718514
0.4444406672187337
0.44444065815637873
0.4444406490498016
0.44444063989867644
0.4444406307026732
0.4444406214614627
0.4444406121747099
0.4444406028420762
0.4444405934632205
0.44444058403779707
0.44444057456545955
0.4444405650458544
0.4444405554786286
0.4444405458634214
0.44444053619987217
0.4444405264876129
0.4444405167262764
0.44444050691548653
0.44444049705486693
0.44444048714403733
0.4444404771826114
0.4444404671702014
0.4444404571064131
0.4444404469908499
0.4444404368231114
0.4444404266027918
0.4444404163294822
0.44444040600276646
0.44444039562222876
0.4444403851874462
0.4444403746979921
0.44444036415343413
0.4444403535533364
0.4444403428972582
0.4444403321847557
0.44444032141537826
0.4444403105886699
0.44444029970417326
0.44444028876142117
0.4444402777599453
0.44444026669927156
0.4444402555789195
0.44444024439840374
0.4444402331572346
0.444440221854917
0.44444021049094745
0.44444019906482357
0.4444401875760303
0.4444401760240503
0.4444401644083601
0.44444015272843135
0.44444014098372786
0.44444012917371023
0.4444401172978292
0.4444401053555332
0.44444009334626167
0.44444008126944995
0.44444006912452405
0.44444005691090627
0.4444400446280127
0.4444400322752502
0.44444001985201886
0.44444000735771627
0.44443999479172674
0.444439982153432
0.44443996944220593
0.44443995665741387
0.4444399437984147
0.44443993086455863
0.4444399178551911
0.4444399047696466
0.4444398916072538
0.4444398783673321
0.44443986504919375
0.4444398516521438
0.4444398381754762
0.44443982461847903
