	RAPORT Z PROCESU NAUKI

CHARAKTERYSTYKA SIECI
- Liczba warstw: 3
- Bias wykorzystywany
- Wartość wspołczynnika nauki: 0.01
- Wartość wspołczynnika momentum: 0.0
- Liczba epok: 9000

BŁĘDY OBLICZONE CO 100 EPOK
0.5365263900900312
0.4088492360586316
0.3246738326201564
0.29444636157970744
0.2800202776378464
0.271650112141226
0.26593907457798976
0.26135233192167884
0.257189766198192
0.25319391234197525
0.24932263768934887
0.24760811866971374
0.24375310072750514
0.240746876552265
0.23814515297327943
0.2358472732831974
0.23379445492176884
0.23194559168773565
0.2302697453565153
0.22874264848640907
0.2273447404491183
0.22605994204959443
0.2248748358566613
0.2237780901436054
0.22276003901133137
0.22181236769929105
0.22092787145471177
0.22010026737854604
0.21932404534325778
0.2185943483025868
0.21790687508707618
0.21725780065522735
0.2166437100713503
0.21606154340333442
0.2155085493995957
0.21498224629353094
0.21448038844817635
0.21400093782860838
0.21354203949908587
0.21310200050298098
0.21267927160826436
0.2122724314985126
0.21188017306566043
0.2115012915209668
0.21113467408873016
0.21077929108622045
0.21043418822556323
0.21009848000106998
0.20977134405084472
0.2094520164066235
0.20913978757363613
0.20883399941704459
0.20853404288017616
0.20823935663458712
0.20794942688570853
0.20766378877435238
0.20738203021210694
0.2071037997527113
0.20682882163680116
0.2065569243819453
0.2062880964588164
0.2060225993589778
0.20576120970976236
0.20550576845420895
0.20526048720409656
0.20503499809911807
0.20485940273353284
0.19802617083675195
0.19480515927788195
0.2161458471265151
0.2143206597783583
0.2136857411420807
0.21329567324385457
0.21282360551703258
0.21206291811179973
0.2108419831968654
0.20906196226789903
0.20671947453059072
0.20388866461872496
0.20066796733546488
0.19711017128496527
0.19316055578081212
0.18864738282713994
